# MVE view meta data is stored in INI-file syntax.
# This file is generated, formatting will get lost.

[camera]
focal_length = 0.9632620215
pixel_aspect = 1
principal_point = 0.5 0.5
rotation = 0.9999363422 0.00300745503 -0.01129723713 -0.002921556821 0.9999793768 0.007134076674 0.01131956652 -0.007101065479 0.9999180436
translation = -0.1027642787 -0.9917562604 -0.02661168575

[view]
id = 4
name = IMG_0195
