# MVE view meta data is stored in INI-file syntax.
# This file is generated, formatting will get lost.

[camera]
focal_length = 0.9649402499
pixel_aspect = 1
principal_point = 0.5 0.5
rotation = 0.9998658895 0.01686016284 -0.001415176201 -0.01683662459 0.9997967482 0.01252137125 0.001625503995 -0.01249865815 0.999940455
translation = -0.1782490462 -1.910135627 -0.05347717553

[view]
id = 3
name = IMG_0194
