# MVE view meta data is stored in INI-file syntax.
# This file is generated, formatting will get lost.

[camera]
focal_length = 0.9578537941
pixel_aspect = 1
principal_point = 0.5 0.5
rotation = 1.00001204 -0.0002712768328 0.003567132633 0.0002571668301 1.000004411 0.0050617042 -0.003563417355 -0.005071844906 0.9999985695
translation = -0.288534224 -3.784638166 -0.1988938153

[view]
id = 1
name = IMG_0192
