# MVE view meta data is stored in INI-file syntax.
# This file is generated, formatting will get lost.

[camera]
focal_length = 0.9629756212
pixel_aspect = 1
principal_point = 0.5 0.5
rotation = 0.9998008609 0.003844170133 0.02083337121 -0.004005115014 1.000006676 0.006662733387 -0.02080197074 -0.006738424301 0.9998100996
translation = -0.2312504202 -2.833477259 -0.1098254248

[view]
id = 2
name = IMG_0193
