# MVE view meta data is stored in INI-file syntax.
# This file is generated, formatting will get lost.

[camera]
focal_length = 0.9591576457
pixel_aspect = 1
principal_point = 0.5 0.5
rotation = 0.999855876 0.01253104676 -0.01325353421 -0.01245756261 0.99992764 0.005402361043 0.01332237851 -0.005248499103 0.999928236
translation = -0.4248504043 -4.72146225 -0.2322861403

[view]
id = 0
name = IMG_0191
