# MVE view meta data is stored in INI-file syntax.
# This file is generated, formatting will get lost.

[camera]
focal_length = 0.9665187597
pixel_aspect = 1
principal_point = 0.5 0.5
rotation = 0.9999870658 0.005777305458 0.0001718082931 -0.005777853541 0.9999581575 0.008004853502 -0.0001237374527 -0.008005368523 0.9999715686
translation = -0.01296635065 -0.05538421497 0.03199514002

[view]
id = 5
name = IMG_0196
