# MVE view meta data is stored in INI-file syntax.
# This file is generated, formatting will get lost.

[camera]
focal_length = 0.9614360929
pixel_aspect = 1
principal_point = 0.5 0.5
rotation = 0.9999691844 0.006586956326 0.005070765503 -0.006591655314 0.9999962449 0.00165006856 -0.005057388917 -0.001684210147 1.000002623
translation = 0.05264940485 0.8701320887 0.04122215882

[view]
id = 6
name = IMG_0197
